0
40000
80000
120000
160000
200000
240000
280000
320000
360000
400000
440000
480000
520000
560000
600000
640000
680000
720000
760000
800000
840000
880000
920000
960000
1000000
1040000
1080000
1120000
1160000
1200000
1240000
1280000
1320000
1360000
1400000
1440000
1480000
1520000
1560000
1600000
1640000
1680000
1720000
1760000
1800000
1840000
1880000
1920000
1960000
2000000
2040000
2080000
2120000
2160000
2200000
2240000
2280000
2320000
2360000
2400000
2440000
2480000
2520000
2560000
2600000
2640000
2680000
2720000
2760000
2800000
2840000
2880000
2920000
2960000
3000000
3040000
3080000
3120000
3160000
3200000
3240000
3280000
3320000
3360000
3400000
3440000
3480000
3520000
3560000
3600000
3640000
3680000
3720000
3760000
3800000
3840000
3880000
3920000
3960000
4000000
4040000
4080000
4120000
4160000
4200000
4240000
4280000
4320000
4360000
4400000
4440000
4480000
4520000
4560000
4600000
4640000
4680000
4720000
4760000
4800000
4840000
4880000
4920000
4960000
5000000
5040000
5080000
5120000
5160000
5200000
5240000
5280000
5320000
5360000
5400000
5440000
5480000
5520000
5560000
5600000
5640000
5680000
5720000
5760000
5800000
5840000
5880000
5920000
5960000
6000000
6040000
6080000
6120000
6160000
6200000
6240000
6280000
6320000
6360000
6400000
6440000
6480000
6520000
6560000
6600000
6640000
6680000
6720000
6760000
6800000
6840000
6880000
6920000
6960000
7000000
7040000
7080000
7120000
7160000
7200000
7240000
7280000
7320000
7360000
7400000
7440000
7480000
7520000
7560000
7600000
7640000
7680000
7720000
7760000
7800000
7840000
7880000
7920000
7960000
8000000
8040000
8080000
8120000
8160000
8200000
8240000
8280000
8320000
8360000
8400000
8440000
8480000
8520000
8560000
8600000
8640000
8680000
8720000
8760000
8800000
8840000
8880000
8920000
8960000
9000000
9040000
9080000
9120000
9160000
9200000
9240000
9280000
9320000
9360000
9400000
9440000
9480000
9520000
9560000
9600000
9640000
9680000
9720000
9760000
9800000
9840000
9880000
9920000
9960000
10000000
10040000
10080000
10120000
10160000
10200000
10240000
10280000
10320000
10360000
10400000
10440000
10480000
10520000
10560000
10600000
10640000
10680000
10720000
10760000
10800000
10840000
10880000
10920000
10960000
11000000
11040000
11080000
11120000
11160000
11200000
11240000
11280000
11320000
11360000
11400000
11440000
11480000
11520000
11560000
11600000
11640000
11680000
11720000
11760000
11800000
11840000
11880000
11920000
11960000
12000000
12040000
12080000
12120000
12160000
12200000
12240000
12280000
12320000
12360000
12400000
12440000
12480000
12520000
12560000
12600000
12640000
12680000
12720000
12760000
12800000
12840000
12880000
12920000
12960000
13000000
13040000
13080000
13120000
13160000
13200000
13240000
13280000
13320000
13360000
13400000
13440000
13480000
13520000
13560000
13600000
13640000
13680000
13720000
13760000
13800000
13840000
13880000
13920000
13960000
14000000
14040000
14080000
14120000
14160000
14200000
14240000
14280000
14320000
14360000
14400000
14440000
14480000
14520000
14560000
14600000
14640000
14680000
14720000
14760000
14800000
14840000
14880000
14920000
14960000
15000000
15040000
15080000
15120000
15160000
15200000
15240000
15280000
15320000
15360000
15400000
15440000
15480000
15520000
15560000
15600000
15640000
15680000
15720000
15760000
15800000
15840000
15880000
15920000
15960000
16000000
16040000
16080000
16120000
16160000
16200000
16240000
16280000
16320000
16360000
16400000
16440000
16480000
16520000
16560000
16600000
16640000
16680000
16720000
16760000
16800000
16840000
16880000
16920000
16960000
17000000
17040000
17080000
17120000
17160000
17200000
17240000
17280000
17320000
17360000
17400000
17440000
17480000
17520000
17560000
17600000
17640000
17680000
17720000
17760000
17800000
17840000
17880000
17920000
17960000
18000000
18040000
18080000
18120000
18160000
18200000
18240000
18280000
18320000
18360000
18400000
18440000
18480000
18520000
18560000
18600000
18640000
18680000
18720000
18760000
18800000
18840000
18880000
18920000
18960000
19000000
19040000
19080000
19120000
19160000
19200000
19240000
19280000
19320000
19360000
19400000
19440000
19480000
19520000
19560000
19600000
19640000
19680000
19720000
19760000
19800000
19840000
19880000
19920000
19960000
20000000
20040000
20080000
20120000
20160000
20200000
20240000
20280000
20320000
20360000
20400000
20440000
20480000
20520000
20560000
20600000
20640000
20680000
20720000
20760000
20800000
20840000
20880000
20920000
20960000
21000000
21040000
21080000
21120000
21160000
21200000
21240000
21280000
21320000
21360000
21400000
21440000
21480000
21520000
21560000
21600000
21640000
21680000
21720000
21760000
21800000
21840000
21880000
21920000
21960000
22000000
22040000
22080000
22120000
22160000
22200000
22240000
22280000
22320000
22360000
22400000
22440000
22480000
22520000
22560000
22600000
22640000
22680000
22720000
22760000
22800000
22840000
22880000
22920000
22960000
23000000
23040000
23080000
23120000
23160000
23200000
23240000
23280000
23320000
23360000
23400000
23440000
23480000
23520000
23560000
23600000
23640000
23680000
23720000
23760000
23800000
23840000
23880000
23920000
23960000
24000000
24040000
24080000
24120000
24160000
24200000
24240000
24280000
24320000
24360000
24400000
24440000
24480000
24520000
24560000
24600000
24640000
24680000
24720000
24760000
24800000
24840000
24880000
24920000
24960000
25000000
25040000
25080000
25120000
25160000
25200000
25240000
25280000
25320000
25360000
25400000
25440000
25480000
25520000
25560000
25600000
25640000
25680000
25720000
25760000
25800000
25840000
25880000
25920000
25960000
26000000
26040000
26080000
26120000
26160000
26200000
26240000
26280000
26320000
26360000
26400000
26440000
26480000
26520000
26560000
26600000
26640000
26680000
26720000
26760000
26800000
26840000
26880000
26920000
26960000
27000000
27040000
27080000
27120000
27160000
27200000
27240000
27280000
27320000
27360000
27400000
27440000
27480000
27520000
27560000
27600000
27640000
27680000
27720000
27760000
27800000
27840000
27880000
27920000
27960000
28000000
28040000
28080000
28120000
28160000
28200000
28240000
28280000
28320000
28360000
28400000
28440000
28480000
28520000
28560000
28600000
28640000
28680000
28720000
28760000
28800000
28840000
28880000
28920000
28960000
29000000
29040000
29080000
29120000
29160000
29200000
29240000
29280000
29320000
29360000
29400000
29440000
29480000
29520000
29560000
29600000
29640000
29680000
29720000
29760000
29800000
29840000
29880000
29920000
29960000
30000000
30040000
30080000
30120000
30160000
30200000
30240000
30280000
30320000
30360000
30400000
30440000
30480000
30520000
30560000
30600000
30640000
30680000
30720000
30760000
30800000
30840000
30880000
30920000
30960000
31000000
31040000
31080000
31120000
31160000
31200000
31240000
31280000
31320000
31360000
31400000
31440000
31480000
31520000
31560000
31600000
31640000
31680000
31720000
31760000
31800000
31840000
31880000
31920000
31960000
32000000
32040000
32080000
32120000
32160000
32200000
32240000
32280000
32320000
32360000
32400000
32440000
32480000
32520000
32560000
32600000
32640000
32680000
32720000
32760000
32800000
32840000
32880000
32920000
32960000
33000000
33040000
33080000
33120000
33160000
33200000
33240000
33280000
33320000
33360000
33400000
33440000
33480000
33520000
33560000
33600000
33640000
33680000
33720000
33760000
33800000
33840000
33880000
33920000
33960000
34000000
34040000
34080000
34120000
34160000
34200000
34240000
34280000
34320000
34360000
34400000
34440000
34480000
34520000
34560000
34600000
34640000
34680000
34720000
34760000
34800000
34840000
34880000
34920000
34960000
35000000
35040000
35080000
35120000
35160000
35200000
35240000
35280000
35320000
35360000
35400000
35440000
35480000
35520000
35560000
35600000
35640000
35680000
35720000
35760000
35800000
35840000
35880000
35920000
35960000
36000000
36040000
36080000
36120000
36160000
36200000
36240000
36280000
36320000
36360000
36400000
36440000
36480000
36520000
36560000
36600000
36640000
36680000
36720000
36760000
36800000
36840000
36880000
36920000
36960000
37000000
37040000
37080000
37120000
37160000
37200000
37240000
37280000
37320000
37360000
37400000
37440000
37480000
37520000
37560000
37600000
37640000
37680000
37720000
37760000
37800000
37840000
37880000
37920000
37960000
38000000
38040000
38080000
38120000
38160000
38200000
38240000
38280000
38320000
38360000
38400000
38440000
38480000
38520000
38560000
38600000
38640000
38680000
38720000
38760000
38800000
38840000
38880000
38920000
38960000
39000000
39040000
39080000
39120000
39160000
39200000
39240000
39280000
39320000
39360000
39400000
39440000
39480000
39520000
39560000
39600000
39640000
39680000
39720000
39760000
39800000
39840000
39880000
39920000
39960000
40000000
40040000
40080000
40120000
40160000
40200000
40240000
40280000
40320000
40360000
40400000
40440000
40480000
40520000
40560000
40600000
40640000
40680000
40720000
40760000
40800000
40840000
40880000
40920000
40960000
41000000
41040000
41080000
41120000
41160000
41200000
41240000
41280000
41320000
41360000
41400000
41440000
41480000
41520000
41560000
41600000
41640000
41680000
41720000
41760000
41800000
41840000
41880000
41920000
41960000
42000000
42040000
42080000
42120000
42160000
42200000
42240000
42280000
42320000
42360000
42400000
42440000
42480000
42520000
42560000
42600000
42640000
42680000
42720000
42760000
42800000
42840000
42880000
42920000
42960000
43000000
43040000
43080000
43120000
43160000
43200000
43240000
43280000
43320000
43360000
43400000
43440000
43480000
43520000
43560000
43600000
43640000
43680000
43720000
43760000
43800000
43840000
43880000
43920000
43960000
44000000
44040000
44080000
44120000
44160000
44200000
44240000
44280000
44320000
44360000
44400000
44440000
44480000
44520000
44560000
44600000
44640000
44680000
44720000
44760000
44800000
44840000
44880000
44920000
44960000
45000000
45040000
45080000
45120000
45160000
45200000
45240000
45280000
45320000
45360000
45400000
45440000
45480000
45520000
45560000
45600000
45640000
45680000
45720000
45760000
45800000
45840000
45880000
45920000
45960000
46000000
46040000
46080000
46120000
46160000
46200000
46240000
46280000
46320000
46360000
46400000
46440000
46480000
46520000
46560000
46600000
46640000
46680000
46720000
46760000
46800000
46840000
46880000
46920000
46960000
47000000
47040000
47080000
47120000
47160000
47200000
47240000
47280000
47320000
47360000
47400000
47440000
47480000
47520000
47560000
47600000
47640000
47680000
47720000
47760000
47800000
47840000
47880000
47920000
47960000
48000000
48040000
48080000
48120000
48160000
48200000
48240000
48280000
48320000
48360000
48400000
48440000
48480000
48520000
48560000
48600000
48640000
48680000
48720000
48760000
48800000
48840000
48880000
48920000
48960000
49000000
49040000
49080000
49120000
49160000
49200000
49240000
49280000
49320000
49360000
49400000
49440000
49480000
49520000
49560000
49600000
49640000
49680000
49720000
49760000
49800000
49840000
49880000
49920000
49960000
50000000
50040000
50080000
50120000
50160000
50200000
50240000
50280000
50320000
50360000
50400000
50440000
50480000
50520000
50560000
50600000
50640000
50680000
50720000
50760000
50800000
50840000
50880000
50920000
50960000
51000000
51040000
51080000
51120000
51160000
51200000
51240000
51280000
51320000
51360000
51400000
51440000
51480000
51520000
51560000
51600000
51640000
51680000
51720000
51760000
51800000
51840000
51880000
51920000
51960000
52000000
52040000
52080000
52120000
52160000
52200000
52240000
52280000
52320000
52360000
52400000
52440000
52480000
52520000
52560000
52600000
52640000
52680000
52720000
52760000
52800000
52840000
52880000
52920000
52960000
53000000
53040000
53080000
53120000
53160000
53200000
53240000
53280000
53320000
53360000
53400000
53440000
53480000
53520000
53560000
53600000
53640000
53680000
53720000
53760000
53800000
53840000
53880000
53920000
53960000
54000000
54040000
54080000
54120000
54160000
54200000
54240000
54280000
54320000
54360000
54400000
54440000
54480000
54520000
54560000
54600000
54640000
54680000
54720000
54760000
54800000
54840000
54880000
54920000
54960000
55000000
55040000
55080000
55120000
55160000
55200000
55240000
55280000
55320000
55360000
55400000
55440000
55480000
55520000
55560000
55600000
55640000
55680000
55720000
55760000
55800000
55840000
55880000
55920000
55960000
56000000
56040000
56080000
56120000
56160000
56200000
56240000
56280000
56320000
56360000
56400000
56440000
56480000
56520000
56560000
56600000
56640000
56680000
56720000
56760000
56800000
56840000
56880000
56920000
56960000
57000000
57040000
57080000
57120000
57160000
57200000
57240000
57280000
57320000
57360000
57400000
57440000
57480000
57520000
57560000
57600000
57640000
57680000
57720000
57760000
57800000
57840000
57880000
57920000
57960000
58000000
58040000
58080000
58120000
58160000
58200000
58240000
58280000
58320000
58360000
58400000
58440000
58480000
58520000
58560000
58600000
58640000
58680000
58720000
58760000
58800000
58840000
58880000
58920000
58960000
59000000
59040000
59080000
59120000
59160000
59200000
59240000
59280000
59320000
59360000
59400000
59440000
59480000
59520000
59560000
59600000
59640000
59680000
59720000
59760000
59800000
59840000
59880000
59920000
59960000
60000000
60040000
60080000
60120000
60160000
60200000
60240000
60280000
60320000
60360000
60400000
60440000
60480000
60520000
60560000
60600000
60640000
60680000
60720000
60760000
60800000
60840000
60880000
60920000
60960000
61000000
61040000
61080000
61120000
61160000
61200000
61240000
61280000
61320000
61360000
61400000
61440000
61480000
61520000
61560000
61600000
61640000
61680000
61720000
61760000
61800000
61840000
61880000
61920000
61960000
62000000
62040000
62080000
62120000
62160000
62200000
62240000
62280000
62320000
62360000
62400000
62440000
62480000
62520000
62560000
62600000
62640000
62680000
62720000
62760000
62800000
62840000
62880000
62920000
62960000
63000000
63040000
63080000
63120000
63160000
63200000
63240000
63280000
63320000
63360000
63400000
63440000
63480000
63520000
63560000
63600000
63640000
63680000
63720000
63760000
63800000
63840000
63880000
63920000
63960000
64000000
64040000
64080000
64120000
64160000
64200000
64240000
64280000
64320000
64360000
64400000
64440000
64480000
64520000
64560000
64600000
64640000
64680000
64720000
64760000
64800000
64840000
64880000
64920000
64960000
65000000
65040000
65080000
65120000
65160000
65200000
65240000
65280000
65320000
65360000
65400000
65440000
65480000
65520000
65560000
65600000
65640000
65680000
65720000
65760000
65800000
65840000
65880000
65920000
65960000
66000000
66040000
66080000
66120000
66160000
66200000
66240000
66280000
66320000
66360000
66400000
66440000
66480000
66520000
66560000
66600000
66640000
66680000
66720000
66760000
66800000
66840000
66880000
66920000
66960000
67000000
67040000
67080000
67120000
67160000
67200000
67240000
67280000
67320000
67360000
67400000
67440000
67480000
67520000
67560000
67600000
67640000
67680000
67720000
67760000
67800000
67840000
67880000
67920000
67960000
68000000
68040000
68080000
68120000
68160000
68200000
68240000
68280000
68320000
68360000
68400000
68440000
68480000
68520000
68560000
68600000
68640000
68680000
68720000
68760000
68800000
68840000
68880000
68920000
68960000
69000000
69040000
69080000
69120000
69160000
69200000
69240000
69280000
69320000
69360000
69400000
69440000
69480000
69520000
69560000
69600000
69640000
69680000
69720000
69760000
69800000
69840000
69880000
69920000
69960000
70000000
70040000
70080000
70120000
70160000
70200000
70240000
70280000
70320000
70360000
70400000
70440000
70480000
70520000
70560000
70600000
70640000
70680000
70720000
70760000
70800000
70840000
70880000
70920000
70960000
71000000
71040000
71080000
71120000
71160000
71200000
71240000
71280000
71320000
71360000
71400000
71440000
71480000
71520000
71560000
71600000
71640000
71680000
71720000
71760000
71800000
71840000
71880000
71920000
71960000
72000000
72040000
72080000
72120000
72160000
72200000
72240000
72280000
72320000
72360000
72400000
72440000
72480000
72520000
72560000
72600000
72640000
72680000
72720000
72760000
72800000
72840000
72880000
72920000
72960000
73000000
73040000
73080000
73120000
73160000
73200000
73240000
73280000
73320000
73360000
73400000
73440000
73480000
73520000
73560000
73600000
73640000
73680000
73720000
73760000
73800000
73840000
73880000
73920000
73960000
74000000
74040000
74080000
74120000
74160000
74200000
74240000
74280000
74320000
74360000
74400000
74440000
74480000
74520000
74560000
74600000
74640000
74680000
74720000
74760000
74800000
74840000
74880000
74920000
74960000
75000000
75040000
75080000
75120000
75160000
75200000
75240000
75280000
75320000
75360000
75400000
75440000
75480000
75520000
75560000
75600000
75640000
75680000
75720000
75760000
75800000
75840000
75880000
75920000
75960000
76000000
76040000
76080000
76120000
76160000
76200000
76240000
76280000
76320000
76360000
76400000
76440000
76480000
76520000
76560000
76600000
76640000
76680000
76720000
76760000
76800000
76840000
76880000
76920000
76960000
77000000
77040000
77080000
77120000
77160000
77200000
77240000
77280000
77320000
77360000
77400000
77440000
77480000
77520000
77560000
77600000
77640000
77680000
77720000
77760000
77800000
77840000
77880000
77920000
77960000
78000000
78040000
78080000
78120000
78160000
78200000
78240000
78280000
78320000
78360000
78400000
78440000
78480000
78520000
78560000
78600000
78640000
78680000
78720000
78760000
78800000
78840000
78880000
78920000
78960000
79000000
79040000
79080000
79120000
79160000
79200000
79240000
79280000
79320000
79360000
79400000
79440000
79480000
79520000
79560000
79600000
79640000
79680000
79720000
79760000
79800000
79840000
79880000
79920000
79960000
80000000
80040000
80080000
80120000
80160000
80200000
80240000
80280000
80320000
80360000
80400000
80440000
80480000
80520000
80560000
80600000
80640000
80680000
80720000
80760000
80800000
80840000
80880000
80920000
80960000
81000000
81040000
81080000
81120000
81160000
81200000
81240000
81280000
81320000
81360000
81400000
81440000
81480000
81520000
81560000
81600000
81640000
81680000
81720000
81760000
81800000
81840000
81880000
81920000
81960000
82000000
82040000
82080000
82120000
82160000
82200000
82240000
82280000
82320000
82360000
82400000
82440000
82480000
82520000
82560000
82600000
82640000
82680000
82720000
82760000
82800000
82840000
82880000
82920000
82960000
83000000
83040000
83080000
83120000
83160000
83200000
83240000
83280000
83320000
83360000
83400000
83440000
83480000
83520000
83560000
83600000
83640000
83680000
83720000
83760000
83800000
83840000
83880000
83920000
83960000
84000000
84040000
84080000
84120000
84160000
84200000
84240000
84280000
84320000
84360000
84400000
84440000
84480000
84520000
84560000
84600000
84640000
84680000
84720000
84760000
84800000
84840000
84880000
84920000
84960000
85000000
85040000
85080000
85120000
85160000
85200000
85240000
85280000
85320000
85360000
85400000
85440000
85480000
85520000
85560000
85600000
85640000
85680000
85720000
85760000
85800000
85840000
85880000
85920000
85960000
86000000
86040000
86080000
86120000
86160000
86200000
86240000
86280000
86320000
86360000
86400000
86440000
86480000
86520000
86560000
86600000
86640000
86680000
86720000
86760000
86800000
86840000
86880000
86920000
86960000
87000000
87040000
87080000
87120000
87160000
87200000
87240000
87280000
87320000
87360000
87400000
87440000
87480000
87520000
87560000
87600000
87640000
87680000
87720000
87760000
87800000
87840000
87880000
87920000
87960000
88000000
88040000
88080000
88120000
88160000
88200000
88240000
88280000
88320000
88360000
88400000
88440000
88480000
88520000
88560000
88600000
88640000
88680000
88720000
88760000
88800000
88840000
88880000
88920000
88960000
89000000
89040000
89080000
89120000
89160000
89200000
89240000
89280000
89320000
89360000
89400000
89440000
89480000
89520000
89560000
89600000
89640000
89680000
89720000
89760000
89800000
89840000
89880000
89920000
89960000
90000000
90040000
90080000
90120000
90160000
90200000
90240000
90280000
90320000
90360000
90400000
90440000
90480000
90520000
90560000
90600000
90640000
90680000
90720000
90760000
90800000
90840000
90880000
90920000
90960000
91000000
91040000
91080000
91120000
91160000
91200000
91240000
91280000
91320000
91360000
91400000
91440000
91480000
91520000
91560000
91600000
91640000
91680000
91720000
91760000
91800000
91840000
91880000
91920000
91960000
92000000
92040000
92080000
92120000
92160000
92200000
92240000
92280000
92320000
92360000
92400000
92440000
92480000
92520000
92560000
92600000
92640000
92680000
92720000
92760000
92800000
92840000
92880000
92920000
92960000
93000000
93040000
93080000
93120000
93160000
93200000
93240000
93280000
93320000
93360000
93400000
93440000
93480000
93520000
93560000
93600000
93640000
93680000
93720000
93760000
93800000
93840000
93880000
93920000
93960000
94000000
94040000
94080000
94120000
94160000
94200000
94240000
94280000
94320000
94360000
94400000
94440000
94480000
94520000
94560000
94600000
94640000
94680000
94720000
94760000
94800000
94840000
94880000
94920000
94960000
95000000
95040000
95080000
95120000
95160000
95200000
95240000
95280000
95320000
95360000
95400000
95440000
95480000
95520000
95560000
95600000
95640000
95680000
95720000
95760000
95800000
95840000
95880000
95920000
95960000
96000000
96040000
96080000
96120000
96160000
96200000
96240000
96280000
96320000
96360000
96400000
96440000
96480000
96520000
96560000
96600000
96640000
96680000
96720000
96760000
96800000
96840000
96880000
96920000
96960000
97000000
97040000
97080000
97120000
97160000
97200000
97240000
97280000
97320000
97360000
97400000
97440000
97480000
97520000
97560000
97600000
97640000
97680000
97720000
97760000
97800000
97840000
97880000
97920000
97960000
98000000
98040000
98080000
98120000
98160000
98200000
98240000
98280000
98320000
98360000
98400000
98440000
98480000
98520000
98560000
98600000
98640000
98680000
98720000
98760000
98800000
98840000
98880000
98920000
98960000
99000000
99040000
99080000
99120000
99160000
99200000
99240000
99280000
99320000
99360000
99400000
99440000
99480000
99520000
99560000
99600000
99640000
99680000
99720000
99760000
99800000
99840000
99880000
99920000
99960000
100000000
100040000
100080000
100120000
100160000
100200000
100240000
100280000
100320000
100360000
100400000
100440000
100480000
100520000
100560000
100600000
100640000
100680000
100720000
100760000
100800000
100840000
100880000
100920000
100960000
101000000
101040000
101080000
101120000
101160000
101200000
101240000
101280000
101320000
101360000
101400000
101440000
101480000
101520000
101560000
101600000
101640000
101680000
101720000
101760000
101800000
101840000
101880000
101920000
101960000
102000000
102040000
102080000
102120000
102160000
102200000
102240000
102280000
102320000
102360000
102400000
102440000
102480000
102520000
102560000
102600000
102640000
102680000
102720000
102760000
102800000
102840000
102880000
102920000
102960000
103000000
103040000
103080000
103120000
103160000
103200000
103240000
103280000
103320000
103360000
103400000
103440000
103480000
103520000
103560000
103600000
103640000
103680000
103720000
103760000
103800000
103840000
103880000
103920000
103960000
104000000
104040000
104080000
104120000
104160000
104200000
104240000
104280000
104320000
104360000
104400000
104440000
104480000
104520000
104560000
104600000
104640000
104680000
104720000
104760000
104800000
104840000
104880000
104920000
104960000
105000000
105040000
105080000
105120000
105160000
105200000
105240000
105280000
105320000
105360000
105400000
105440000
105480000
105520000
105560000
105600000
105640000
105680000
105720000
105760000
105800000
105840000
105880000
105920000
105960000
106000000
106040000
106080000
106120000
106160000
106200000
106240000
106280000
106320000
106360000
106400000
106440000
106480000
106520000
106560000
106600000
106640000
106680000
106720000
106760000
106800000
106840000
106880000
106920000
106960000
107000000
107040000
107080000
107120000
107160000
107200000
107240000
107280000
107320000
107360000
107400000
107440000
107480000
107520000
107560000
107600000
107640000
107680000
107720000
107760000
107800000
107840000
107880000
107920000
107960000
108000000
108040000
108080000
108120000
108160000
108200000
108240000
108280000
108320000
108360000
108400000
108440000
108480000
108520000
108560000
108600000
108640000
108680000
108720000
108760000
108800000
108840000
108880000
108920000
108960000
109000000
109040000
109080000
109120000
109160000
109200000
109240000
109280000
109320000
109360000
109400000
109440000
109480000
109520000
109560000
109600000
109640000
109680000
109720000
109760000
109800000
109840000
109880000
109920000
109960000
110000000
110040000
110080000
110120000
110160000
110200000
110240000
110280000
110320000
110360000
110400000
110440000
110480000
110520000
110560000
110600000
110640000
110680000
110720000
110760000
110800000
110840000
110880000
110920000
110960000
111000000
111040000
111080000
111120000
111160000
111200000
111240000
111280000
111320000
111360000
111400000
111440000
111480000
111520000
111560000
111600000
111640000
111680000
111720000
111760000
111800000
111840000
111880000
111920000
111960000
112000000
112040000
112080000
112120000
112160000
112200000
112240000
112280000
112320000
112360000
112400000
112440000
112480000
112520000
112560000
112600000
112640000
112680000
112720000
112760000
112800000
112840000
112880000
112920000
112960000
113000000
113040000
113080000
113120000
113160000
113200000
113240000
113280000
113320000
113360000
113400000
113440000
113480000
113520000
113560000
113600000
113640000
113680000
113720000
113760000
113800000
113840000
113880000
113920000
113960000
114000000
114040000
114080000
114120000
114160000
114200000
114240000
114280000
114320000
114360000
114400000
114440000
114480000
114520000
114560000
114600000
114640000
114680000
114720000
114760000
114800000
114840000
114880000
114920000
114960000
115000000
115040000
115080000
115120000
115160000
115200000
115240000
115280000
115320000
115360000
115400000
115440000
115480000
115520000
115560000
115600000
115640000
115680000
115720000
115760000
115800000
115840000
115880000
115920000
115960000
116000000
116040000
116080000
116120000
116160000
116200000
116240000
116280000
116320000
116360000
116400000
116440000
116480000
116520000
116560000
116600000
116640000
116680000
116720000
116760000
116800000
116840000
116880000
116920000
116960000
117000000
117040000
117080000
117120000
117160000
117200000
117240000
117280000
117320000
117360000
117400000
117440000
117480000
117520000
117560000
117600000
117640000
117680000
117720000
117760000
117800000
117840000
117880000
117920000
117960000
118000000
118040000
118080000
118120000
118160000
118200000
118240000
118280000
118320000
118360000
118400000
118440000
118480000
118520000
118560000
118600000
118640000
118680000
118720000
118760000
118800000
118840000
118880000
118920000
118960000
119000000
119040000
119080000
119120000
119160000
119200000
119240000
119280000
119320000
119360000
119400000
119440000
119480000
119520000
119560000
119600000
119640000
119680000
119720000
119760000
119800000
119840000
119880000
119920000
119960000
120000000
120040000
120080000
120120000
120160000
120200000
120240000
120280000
120320000
120360000
120400000
120440000
120480000
120520000
120560000
120600000
120640000
120680000
120720000
120760000
120800000
120840000
120880000
120920000
120960000
121000000
121040000
121080000
121120000
121160000
121200000
121240000
121280000
121320000
121360000
121400000
121440000
121480000
121520000
121560000
121600000
121640000
121680000
121720000
121760000
121800000
121840000
121880000
121920000
121960000
122000000
122040000
122080000
122120000
122160000
122200000
122240000
122280000
122320000
122360000
122400000
122440000
122480000
122520000
122560000
122600000
122640000
122680000
122720000
122760000
122800000
122840000
122880000
122920000
122960000
123000000
123040000
123080000
123120000
123160000
123200000
123240000
123280000
123320000
123360000
123400000
123440000
123480000
123520000
123560000
123600000
123640000
123680000
123720000
123760000
123800000
123840000
123880000
123920000
123960000
124000000
124040000
124080000
124120000
124160000
124200000
124240000
124280000
124320000
124360000
124400000
124440000
124480000
124520000
124560000
124600000
124640000
124680000
124720000
124760000
124800000
124840000
124880000
124920000
124960000
125000000
125040000
125080000
125120000
125160000
125200000
125240000
125280000
125320000
125360000
125400000
125440000
125480000
125520000
125560000
125600000
125640000
125680000
125720000
125760000
125800000
125840000
125880000
125920000
125960000
126000000
126040000
126080000
126120000
126160000
126200000
126240000
126280000
126320000
126360000
126400000
126440000
126480000
126520000
126560000
126600000
126640000
126680000
126720000
126760000
126800000
126840000
126880000
126920000
126960000
127000000
127040000
127080000
127120000
127160000
127200000
127240000
127280000
127320000
127360000
127400000
127440000
127480000
127520000
127560000
127600000
127640000
127680000
127720000
127760000
127800000
127840000
127880000
127920000
127960000
128000000
128040000
128080000
128120000
128160000
128200000
128240000
128280000
128320000
128360000
128400000
128440000
128480000
128520000
128560000
128600000
128640000
128680000
128720000
128760000
128800000
128840000
128880000
128920000
128960000
129000000
129040000
129080000
129120000
129160000
129200000
129240000
129280000
129320000
129360000
129400000
129440000
129480000
129520000
129560000
129600000
129640000
129680000
129720000
129760000
129800000
129840000
129880000
129920000
129960000
130000000
130040000
130080000
130120000
130160000
130200000
130240000
130280000
130320000
130360000
130400000
130440000
130480000
130520000
130560000
130600000
130640000
130680000
130720000
130760000
130800000
130840000
130880000
130920000
130960000
131000000
131040000
131080000
131120000
131160000
131200000
131240000
131280000
131320000
131360000
131400000
131440000
131480000
131520000
131560000
131600000
131640000
131680000
131720000
131760000
131800000
131840000
131880000
131920000
131960000
132000000
132040000
132080000
132120000
132160000
132200000
132240000
132280000
132320000
132360000
132400000
132440000
132480000
132520000
132560000
132600000
132640000
132680000
132720000
132760000
132800000
132840000
132880000
132920000
132960000
133000000
133040000
133080000
133120000
133160000
133200000
133240000
133280000
133320000
133360000
133400000
133440000
133480000
133520000
133560000
133600000
133640000
133680000
133720000
133760000
133800000
133840000
133880000
133920000
133960000
134000000
134040000
134080000
134120000
134160000
134200000
134240000
134280000
134320000
134360000
134400000
134440000
134480000
134520000
134560000
134600000
134640000
134680000
134720000
134760000
134800000
134840000
134880000
134920000
134960000
135000000
135040000
135080000
135120000
135160000
135200000
135240000
135280000
135320000
135360000
135400000
135440000
135480000
135520000
135560000
135600000
135640000
135680000
135720000
135760000
135800000
135840000
135880000
135920000
135960000
136000000
136040000
136080000
136120000
136160000
136200000
136240000
136280000
136320000
136360000
136400000
136440000
136480000
136520000
136560000
136600000
136640000
136680000
136720000
136760000
136800000
136840000
136880000
136920000
136960000
137000000
137040000
137080000
137120000
137160000
137200000
137240000
137280000
137320000
137360000
137400000
137440000
137480000
137520000
137560000
137600000
137640000
137680000
137720000
137760000
137800000
137840000
137880000
137920000
137960000
138000000
138040000
138080000
138120000
138160000
138200000
138240000
138280000
138320000
138360000
138400000
138440000
138480000
138520000
138560000
138600000
138640000
138680000
138720000
138760000
138800000
138840000
138880000
138920000
138960000
139000000
139040000
139080000
139120000
139160000
139200000
139240000
139280000
139320000
139360000
139400000
139440000
139480000
139520000
139560000
139600000
139640000
139680000
139720000
139760000
139800000
139840000
139880000
139920000
139960000
140000000
140040000
140080000
140120000
140160000
140200000
140240000
140280000
140320000
140360000
140400000
140440000
140480000
140520000
140560000
140600000
140640000
140680000
140720000
140760000
140800000
140840000
140880000
140920000
140960000
141000000
141040000
141080000
141120000
141160000
141200000
141240000
141280000
141320000
141360000
141400000
141440000
141480000
141520000
141560000
141600000
141640000
141680000
141720000
141760000
141800000
141840000
141880000
141920000
141960000
142000000
142040000
142080000
142120000
142160000
142200000
142240000
142280000
142320000
142360000
142400000
142440000
142480000
142520000
142560000
142600000
142640000
142680000
142720000
142760000
142800000
142840000
142880000
142920000
142960000
143000000
143040000
143080000
143120000
143160000
143200000
143240000
143280000
143320000
143360000
143400000
143440000
143480000
143520000
143560000
143600000
143640000
143680000
143720000
143760000
143800000
143840000
143880000
143920000
143960000
144000000
144040000
144080000
144120000
144160000
144200000
144240000
144280000
144320000
144360000
144400000
144440000
144480000
144520000
144560000
144600000
144640000
144680000
144720000
144760000
144800000
144840000
144880000
144920000
144960000
145000000
145040000
145080000
145120000
145160000
145200000
145240000
145280000
145320000
145360000
145400000
145440000
145480000
145520000
145560000
145600000
145640000
145680000
145720000
145760000
145800000
145840000
145880000
145920000
145960000
146000000
146040000
146080000
146120000
146160000
146200000
146240000
146280000
146320000
146360000
146400000
146440000
146480000
146520000
146560000
146600000
146640000
146680000
146720000
146760000
146800000
146840000
146880000
146920000
146960000
147000000
147040000
147080000
147120000
147160000
147200000
147240000
147280000
147320000
147360000
147400000
147440000
147480000
147520000
147560000
147600000
147640000
147680000
147720000
147760000
147800000
147840000
147880000
147920000
147960000
148000000
148040000
148080000
148120000
148160000
148200000
148240000
148280000
148320000
148360000
148400000
148440000
148480000
148520000
148560000
148600000
148640000
148680000
148720000
148760000
148800000
148840000
148880000
148920000
148960000
149000000
149040000
149080000
149120000
149160000
149200000
149240000
149280000
149320000
149360000
149400000
149440000
149480000
149520000
149560000
149600000
149640000
149680000
149720000
149760000
149800000
149840000
149880000
149920000
149960000
150000000
150040000
150080000
150120000
150160000
150200000
150240000
150280000
150320000
150360000
150400000
150440000
150480000
150520000
150560000
150600000
150640000
150680000
150720000
150760000
150800000
150840000
150880000
150920000
150960000
151000000
151040000
151080000
151120000
151160000
151200000
151240000
151280000
151320000
151360000
151400000
151440000
151480000
151520000
151560000
151600000
151640000
151680000
151720000
151760000
151800000
151840000
151880000
151920000
151960000
152000000
152040000
152080000
152120000
152160000
152200000
152240000
152280000
152320000
152360000
152400000
152440000
152480000
152520000
152560000
152600000
152640000
152680000
152720000
152760000
152800000
152840000
152880000
152920000
152960000
153000000
153040000
153080000
153120000
153160000
153200000
153240000
153280000
153320000
153360000
153400000
153440000
153480000
153520000
153560000
153600000
153640000
153680000
153720000
153760000
153800000
153840000
153880000
153920000
153960000
154000000
154040000
154080000
154120000
154160000
154200000
154240000
154280000
154320000
154360000
154400000
154440000
154480000
154520000
154560000
154600000
154640000
154680000
154720000
154760000
154800000
154840000
154880000
154920000
154960000
155000000
155040000
155080000
155120000
155160000
155200000
155240000
155280000
155320000
155360000
155400000
155440000
155480000
155520000
155560000
155600000
155640000
155680000
155720000
155760000
155800000
155840000
155880000
155920000
155960000
156000000
156040000
156080000
156120000
156160000
156200000
156240000
156280000
156320000
156360000
156400000
156440000
156480000
156520000
156560000
156600000
156640000
156680000
156720000
156760000
156800000
156840000
156880000
156920000
156960000
157000000
157040000
157080000
157120000
157160000
157200000
157240000
157280000
157320000
157360000
157400000
157440000
157480000
157520000
157560000
157600000
157640000
157680000
157720000
157760000
157800000
157840000
157880000
157920000
157960000
158000000
158040000
158080000
158120000
158160000
158200000
158240000
158280000
158320000
158360000
158400000
158440000
158480000
158520000
158560000
158600000
158640000
158680000
158720000
158760000
158800000
158840000
158880000
158920000
158960000
159000000
159040000
159080000
159120000
159160000
159200000
159240000
159280000
159320000
159360000
159400000
159440000
159480000
159520000
159560000
159600000
159640000
159680000
159720000
159760000
159800000
159840000
159880000
159920000
159960000
160000000
160040000
160080000
160120000
160160000
160200000
160240000
160280000
160320000
160360000
160400000
160440000
160480000
160520000
160560000
160600000
160640000
160680000
160720000
160760000
160800000
160840000
160880000
160920000
160960000
161000000
161040000
161080000
161120000
161160000
161200000
161240000
161280000
161320000
161360000
161400000
161440000
161480000
161520000
161560000
161600000
161640000
161680000
161720000
161760000
161800000
161840000
161880000
161920000
161960000
162000000
162040000
162080000
162120000
162160000
162200000
162240000
162280000
162320000
162360000
162400000
162440000
162480000
162520000
162560000
162600000
162640000
162680000
162720000
162760000
162800000
162840000
162880000
162920000
162960000
163000000
163040000
163080000
163120000
163160000
163200000
163240000
163280000
163320000
163360000
163400000
163440000
163480000
163520000
163560000
163600000
163640000
163680000
163720000
163760000
163800000
163840000
163880000
163920000
163960000
164000000
164040000
164080000
164120000
164160000
164200000
164240000
164280000
164320000
164360000
164400000
164440000
164480000
164520000
164560000
164600000
164640000
164680000
164720000
164760000
164800000
164840000
164880000
164920000
164960000
165000000
165040000
165080000
165120000
165160000
165200000
165240000
165280000
165320000
165360000
165400000
165440000
165480000
165520000
165560000
165600000
165640000
165680000
165720000
165760000
165800000
165840000
165880000
165920000
165960000
166000000
166040000
166080000
166120000
166160000
166200000
166240000
166280000
166320000
166360000
166400000
166440000
166480000
166520000
166560000
166600000
166640000
166680000
166720000
166760000
166800000
166840000
166880000
166920000
166960000
167000000
167040000
167080000
167120000
167160000
167200000
167240000
167280000
167320000
167360000
167400000
167440000
167480000
167520000
167560000
167600000
167640000
167680000
167720000
167760000
167800000
167840000
167880000
167920000
167960000
168000000
168040000
168080000
168120000
168160000
168200000
168240000
168280000
168320000
168360000
168400000
168440000
168480000
168520000
168560000
168600000
168640000
168680000
168720000
168760000
168800000
168840000
168880000
168920000
168960000
169000000
169040000
169080000
169120000
169160000
169200000
169240000
169280000
169320000
169360000
169400000
169440000
169480000
169520000
169560000
169600000
169640000
169680000
169720000
169760000
169800000
169840000
169880000
169920000
169960000
170000000
170040000
170080000
170120000
170160000
170200000
170240000
170280000
170320000
170360000
170400000
170440000
170480000
170520000
170560000
170600000
170640000
170680000
170720000
170760000
170800000
170840000
170880000
170920000
170960000
171000000
171040000
171080000
171120000
171160000
171200000
171240000
171280000
171320000
171360000
171400000
171440000
171480000
171520000
171560000
171600000
171640000
171680000
171720000
171760000
171800000
171840000
171880000
171920000
171960000
172000000
172040000
172080000
172120000
172160000
172200000
172240000
172280000
172320000
172360000
172400000
172440000
172480000
172520000
172560000
172600000
172640000
172680000
172720000
172760000
172800000
172840000
172880000
172920000
172960000
173000000
173040000
173080000
173120000
173160000
173200000
173240000
173280000
173320000
173360000
173400000
173440000
173480000
173520000
173560000
173600000
173640000
173680000
173720000
173760000
173800000
173840000
173880000
173920000
173960000
174000000
174040000
174080000
174120000
174160000
174200000
174240000
174280000
174320000
174360000
174400000
174440000
174480000
174520000
174560000
174600000
174640000
174680000
174720000
174760000
174800000
174840000
174880000
174920000
174960000
175000000
175040000
175080000
175120000
175160000
175200000
175240000
175280000
175320000
175360000
175400000
175440000
175480000
175520000
175560000
175600000
175640000
175680000
175720000
175760000
175800000
175840000
175880000
175920000
175960000
176000000
176040000
176080000
176120000
176160000
176200000
176240000
176280000
176320000
176360000
176400000
176440000
176480000
176520000
176560000
176600000
176640000
176680000
176720000
176760000
176800000
176840000
176880000
176920000
176960000
177000000
177040000
177080000
177120000
177160000
177200000
177240000
177280000
177320000
177360000
177400000
177440000
177480000
177520000
177560000
177600000
177640000
177680000
177720000
177760000
177800000
177840000
177880000
177920000
177960000
178000000
178040000
178080000
178120000
178160000
178200000
178240000
178280000
178320000
178360000
178400000
178440000
178480000
178520000
178560000
178600000
178640000
178680000
178720000
178760000
178800000
178840000
178880000
178920000
178960000
179000000
179040000
179080000
179120000
179160000
179200000
179240000
179280000
179320000
179360000
179400000
179440000
179480000
179520000
179560000
179600000
179640000
179680000
179720000
179760000
179800000
179840000
179880000
179920000
179960000
180000000
180040000
180080000
180120000
180160000
180200000
180240000
180280000
180320000
180360000
180400000
180440000
180480000
180520000
180560000
180600000
180640000
180680000
180720000
180760000
180800000
180840000
180880000
180920000
180960000
181000000
181040000
181080000
181120000
181160000
181200000
181240000
181280000
181320000
181360000
181400000
181440000
181480000
181520000
181560000
181600000
181640000
181680000
181720000
181760000
181800000
181840000
181880000
181920000
181960000
182000000
182040000
182080000
182120000
182160000
182200000
182240000
182280000
182320000
182360000
182400000
182440000
182480000
182520000
182560000
182600000
182640000
182680000
182720000
182760000
182800000
182840000
182880000
182920000
182960000
183000000
183040000
183080000
183120000
183160000
183200000
183240000
183280000
183320000
183360000
183400000
183440000
183480000
183520000
183560000
183600000
183640000
183680000
183720000
183760000
183800000
183840000
183880000
183920000
183960000
184000000
184040000
184080000
184120000
184160000
184200000
184240000
184280000
184320000
184360000
184400000
184440000
184480000
184520000
184560000
184600000
184640000
184680000
184720000
184760000
184800000
184840000
184880000
184920000
184960000
185000000
185040000
185080000
185120000
185160000
185200000
185240000
185280000
185320000
185360000
185400000
185440000
185480000
185520000
185560000
185600000
185640000
185680000
185720000
185760000
185800000
185840000
185880000
185920000
185960000
186000000
186040000
186080000
186120000
186160000
186200000
186240000
186280000
186320000
186360000
186400000
186440000
186480000
186520000
186560000
186600000
186640000
186680000
186720000
186760000
186800000
186840000
186880000
186920000
186960000
187000000
187040000
187080000
187120000
187160000
187200000
187240000
187280000
187320000
187360000
187400000
187440000
187480000
187520000
187560000
187600000
187640000
187680000
187720000
187760000
187800000
187840000
187880000
187920000
187960000
188000000
188040000
188080000
188120000
188160000
188200000
188240000
188280000
188320000
188360000
188400000
188440000
188480000
188520000
188560000
188600000
188640000
188680000
188720000
188760000
188800000
188840000
188880000
188920000
188960000
189000000
189040000
189080000
189120000
189160000
189200000
189240000
189280000
189320000
189360000
189400000
189440000
189480000
189520000
189560000
189600000
189640000
189680000
189720000
189760000
189800000
189840000
189880000
189920000
189960000
190000000
190040000
190080000
190120000
190160000
190200000
190240000
190280000
190320000
190360000
190400000
190440000
190480000
190520000
190560000
190600000
190640000
190680000
190720000
190760000
190800000
190840000
190880000
190920000
190960000
191000000
191040000
191080000
191120000
